10 -> 1
10 -> 2
10 -> 4
10 -> 145
10 -> 3078
10 -> 13946
10 -> 13947
10 -> 13948
10 -> 13946 13947
10 -> 13946 13948
10 -> 4 13946
10 -> 13947 13948
10 -> 4 13947
10 -> 4 13948
10 -> 0 1
10 -> 0 2
10 -> 0 4
10 -> 1 2
10 -> 1 4
10 -> 2 4
10 -> 13946 13947 13948
10 -> 4 13946 13947
10 -> 4 13946 13948
10 -> 4 13947 13948
10 -> 0 1 2
10 -> 0 1 4
10 -> 0 2 4
10 -> 1 2 4
10 -> 4 13946 13947 13948
10 -> 0 1 2 4
12 -> 1
12 -> 2
12 -> 4
12 -> 145
12 -> 3078
12 -> 13946
12 -> 13947
12 -> 13948
12 -> 13946 13947
12 -> 13946 13948
12 -> 4 13946
12 -> 13947 13948
12 -> 4 13947
12 -> 4 13948
12 -> 0 1
12 -> 0 2
12 -> 0 4
12 -> 1 2
12 -> 1 4
12 -> 2 4
12 -> 13946 13947 13948
12 -> 4 13946 13947
12 -> 4 13946 13948
12 -> 4 13947 13948
12 -> 0 1 2
12 -> 0 1 4
12 -> 0 2 4
12 -> 1 2 4
12 -> 4 13946 13947 13948
12 -> 0 1 2 4
24 -> 1
24 -> 2
24 -> 4
24 -> 145
24 -> 3078
24 -> 13946
24 -> 13947
24 -> 13948
24 -> 13946 13947
24 -> 13946 13948
24 -> 4 13946
24 -> 13947 13948
24 -> 4 13947
24 -> 4 13948
24 -> 0 1
24 -> 0 2
24 -> 0 4
24 -> 1 2
24 -> 1 4
24 -> 2 4
24 -> 13946 13947 13948
24 -> 4 13946 13947
24 -> 4 13946 13948
24 -> 4 13947 13948
24 -> 0 1 2
24 -> 0 1 4
24 -> 0 2 4
24 -> 1 2 4
24 -> 4 13946 13947 13948
24 -> 0 1 2 4
37 -> 1
37 -> 2
37 -> 4
37 -> 145
37 -> 3078
37 -> 13946
37 -> 13947
37 -> 13948
37 -> 13946 13947
37 -> 13946 13948
37 -> 4 13946
37 -> 13947 13948
37 -> 4 13947
37 -> 4 13948
37 -> 0 1
37 -> 0 2
37 -> 0 4
37 -> 1 2
37 -> 1 4
37 -> 2 4
37 -> 13946 13947 13948
37 -> 4 13946 13947
37 -> 4 13946 13948
37 -> 4 13947 13948
37 -> 0 1 2
37 -> 0 1 4
37 -> 0 2 4
37 -> 1 2 4
37 -> 4 13946 13947 13948
37 -> 0 1 2 4
55 -> 1
55 -> 2
55 -> 4
55 -> 13946
55 -> 13947
55 -> 13948
55 -> 13946 13947
55 -> 13946 13948
55 -> 4 13946
55 -> 13947 13948
55 -> 4 13947
55 -> 4 13948
55 -> 0 1
55 -> 0 2
55 -> 0 4
55 -> 1 2
55 -> 1 4
55 -> 2 4
55 -> 13946 13947 13948
55 -> 4 13946 13947
55 -> 4 13946 13948
55 -> 4 13947 13948
55 -> 0 1 2
55 -> 0 1 4
55 -> 0 2 4
55 -> 1 2 4
55 -> 4 13946 13947 13948
55 -> 0 1 2 4
88 -> 1
88 -> 2
88 -> 4
88 -> 0 1
88 -> 0 2
88 -> 0 4
88 -> 1 2
88 -> 1 4
88 -> 2 4
88 -> 0 1 2
88 -> 0 1 4
88 -> 0 2 4
88 -> 1 2 4
88 -> 0 1 2 4
101 -> 1
101 -> 2
101 -> 4
101 -> 145
101 -> 3078
101 -> 13946
101 -> 13947
101 -> 13948
101 -> 13946 13947
101 -> 13946 13948
101 -> 4 13946
101 -> 13947 13948
101 -> 4 13947
101 -> 4 13948
101 -> 0 1
101 -> 0 2
101 -> 0 4
101 -> 1 2
101 -> 1 4
101 -> 2 4
101 -> 13946 13947 13948
101 -> 4 13946 13947
101 -> 4 13946 13948
101 -> 4 13947 13948
101 -> 0 1 2
101 -> 0 1 4
101 -> 0 2 4
101 -> 1 2 4
101 -> 4 13946 13947 13948
101 -> 0 1 2 4
103 -> 1
103 -> 2
103 -> 4
103 -> 145
103 -> 3078
103 -> 13946
103 -> 13947
103 -> 13948
103 -> 13946 13947
103 -> 13946 13948
103 -> 4 13946
103 -> 13947 13948
103 -> 4 13947
103 -> 4 13948
103 -> 0 1
103 -> 0 2
103 -> 0 4
103 -> 1 2
103 -> 1 4
103 -> 2 4
103 -> 13946 13947 13948
103 -> 4 13946 13947
103 -> 4 13946 13948
103 -> 4 13947 13948
103 -> 0 1 2
103 -> 0 1 4
103 -> 0 2 4
103 -> 1 2 4
103 -> 4 13946 13947 13948
103 -> 0 1 2 4
105 -> 1
105 -> 2
105 -> 4
105 -> 145
105 -> 3078
105 -> 13946
105 -> 13947
105 -> 13948
105 -> 13946 13947
105 -> 13946 13948
105 -> 4 13946
105 -> 13947 13948
105 -> 4 13947
105 -> 4 13948
105 -> 0 1
105 -> 0 2
105 -> 0 4
105 -> 1 2
105 -> 1 4
105 -> 2 4
105 -> 13946 13947 13948
105 -> 4 13946 13947
105 -> 4 13946 13948
105 -> 4 13947 13948
105 -> 0 1 2
105 -> 0 1 4
105 -> 0 2 4
105 -> 1 2 4
105 -> 4 13946 13947 13948
105 -> 0 1 2 4
123 -> 1
123 -> 2
123 -> 4
123 -> 145
123 -> 3078
123 -> 13946
123 -> 13947
123 -> 13948
123 -> 13946 13947
123 -> 13946 13948
123 -> 4 13946
123 -> 13947 13948
123 -> 4 13947
123 -> 4 13948
123 -> 0 1
123 -> 0 2
123 -> 0 4
123 -> 1 2
123 -> 1 4
123 -> 2 4
123 -> 13946 13947 13948
123 -> 4 13946 13947
123 -> 4 13946 13948
123 -> 4 13947 13948
123 -> 0 1 2
123 -> 0 1 4
123 -> 0 2 4
123 -> 1 2 4
123 -> 4 13946 13947 13948
123 -> 0 1 2 4
126 -> 1
126 -> 2
126 -> 4
126 -> 145
126 -> 3078
126 -> 13946
126 -> 13947
126 -> 13948
126 -> 13946 13947
126 -> 13946 13948
126 -> 4 13946
126 -> 13947 13948
126 -> 4 13947
126 -> 4 13948
126 -> 0 1
126 -> 0 2
126 -> 0 4
126 -> 1 2
126 -> 1 4
126 -> 2 4
126 -> 13946 13947 13948
126 -> 4 13946 13947
126 -> 4 13946 13948
126 -> 4 13947 13948
126 -> 0 1 2
126 -> 0 1 4
126 -> 0 2 4
126 -> 1 2 4
126 -> 4 13946 13947 13948
126 -> 0 1 2 4
131 -> 1
131 -> 2
131 -> 4
131 -> 145
131 -> 3078
131 -> 13946
131 -> 13947
131 -> 13948
131 -> 13946 13947
131 -> 13946 13948
131 -> 4 13946
131 -> 13947 13948
131 -> 4 13947
131 -> 4 13948
131 -> 0 1
131 -> 0 2
131 -> 0 4
131 -> 1 2
131 -> 1 4
131 -> 2 4
131 -> 13946 13947 13948
131 -> 4 13946 13947
131 -> 4 13946 13948
131 -> 4 13947 13948
131 -> 0 1 2
131 -> 0 1 4
131 -> 0 2 4
131 -> 1 2 4
131 -> 4 13946 13947 13948
131 -> 0 1 2 4
140 -> 1
140 -> 2
140 -> 4
140 -> 145
140 -> 3078
140 -> 13946
140 -> 13947
140 -> 13948
140 -> 13946 13947
140 -> 13946 13948
140 -> 4 13946
140 -> 13947 13948
140 -> 4 13947
140 -> 4 13948
140 -> 0 1
140 -> 0 2
140 -> 0 4
140 -> 1 2
140 -> 1 4
140 -> 2 4
140 -> 13946 13947 13948
140 -> 4 13946 13947
140 -> 4 13946 13948
140 -> 4 13947 13948
140 -> 0 1 2
140 -> 0 1 4
140 -> 0 2 4
140 -> 1 2 4
140 -> 4 13946 13947 13948
140 -> 0 1 2 4
153 -> 1
153 -> 2
153 -> 4
153 -> 0 1
153 -> 0 2
153 -> 0 4
153 -> 1 2
153 -> 1 4
153 -> 2 4
153 -> 0 1 2
153 -> 0 1 4
153 -> 0 2 4
153 -> 1 2 4
153 -> 0 1 2 4
158 -> 1
158 -> 2
158 -> 4
158 -> 0 1
158 -> 0 2
158 -> 0 4
158 -> 1 2
158 -> 1 4
158 -> 2 4
158 -> 0 1 2
158 -> 0 1 4
158 -> 0 2 4
158 -> 1 2 4
158 -> 0 1 2 4
167 -> 1
167 -> 2
167 -> 4
167 -> 145
167 -> 3078
167 -> 13946
167 -> 13947
167 -> 13948
167 -> 13946 13947
167 -> 13946 13948
167 -> 4 13946
167 -> 13947 13948
167 -> 4 13947
167 -> 4 13948
167 -> 0 1
167 -> 0 2
167 -> 0 4
167 -> 1 2
167 -> 1 4
167 -> 2 4
167 -> 13946 13947 13948
167 -> 4 13946 13947
167 -> 4 13946 13948
167 -> 4 13947 13948
167 -> 0 1 2
167 -> 0 1 4
167 -> 0 2 4
167 -> 1 2 4
167 -> 4 13946 13947 13948
167 -> 0 1 2 4
170 -> 1
170 -> 2
170 -> 4
170 -> 145
170 -> 3078
170 -> 13946
170 -> 13947
170 -> 13948
170 -> 13946 13947
170 -> 13946 13948
170 -> 4 13946
170 -> 13947 13948
170 -> 4 13947
170 -> 4 13948
170 -> 0 1
170 -> 0 2
170 -> 0 4
170 -> 1 2
170 -> 1 4
170 -> 2 4
170 -> 13946 13947 13948
170 -> 4 13946 13947
170 -> 4 13946 13948
170 -> 4 13947 13948
170 -> 0 1 2
170 -> 0 1 4
170 -> 0 2 4
170 -> 1 2 4
170 -> 4 13946 13947 13948
170 -> 0 1 2 4
201 -> 1
201 -> 2
201 -> 4
201 -> 145
201 -> 3078
201 -> 13946
201 -> 13947
201 -> 13948
201 -> 13946 13947
201 -> 13946 13948
201 -> 4 13946
201 -> 13947 13948
201 -> 4 13947
201 -> 4 13948
201 -> 0 1
201 -> 0 2
201 -> 0 4
201 -> 1 2
201 -> 1 4
201 -> 2 4
201 -> 13946 13947 13948
201 -> 4 13946 13947
201 -> 4 13946 13948
201 -> 4 13947 13948
201 -> 0 1 2
201 -> 0 1 4
201 -> 0 2 4
201 -> 1 2 4
201 -> 4 13946 13947 13948
201 -> 0 1 2 4
204 -> 1
204 -> 2
204 -> 4
204 -> 145
204 -> 3078
204 -> 13946
204 -> 13947
204 -> 13948
204 -> 13946 13947
204 -> 13946 13948
204 -> 4 13946
204 -> 13947 13948
204 -> 4 13947
204 -> 4 13948
204 -> 0 1
204 -> 0 2
204 -> 0 4
204 -> 1 2
204 -> 1 4
204 -> 2 4
204 -> 13946 13947 13948
204 -> 4 13946 13947
204 -> 4 13946 13948
204 -> 4 13947 13948
204 -> 0 1 2
204 -> 0 1 4
204 -> 0 2 4
204 -> 1 2 4
204 -> 4 13946 13947 13948
204 -> 0 1 2 4
213 -> 1
213 -> 2
213 -> 4
213 -> 145
213 -> 3078
213 -> 13946
213 -> 13947
213 -> 13948
213 -> 13946 13947
213 -> 13946 13948
213 -> 4 13946
213 -> 13947 13948
213 -> 4 13947
213 -> 4 13948
213 -> 0 1
213 -> 0 2
213 -> 0 4
213 -> 1 2
213 -> 1 4
213 -> 2 4
213 -> 13946 13947 13948
213 -> 4 13946 13947
213 -> 4 13946 13948
213 -> 4 13947 13948
213 -> 0 1 2
213 -> 0 1 4
213 -> 0 2 4
213 -> 1 2 4
213 -> 4 13946 13947 13948
213 -> 0 1 2 4
214 -> 1
214 -> 2
214 -> 4
214 -> 145
214 -> 3078
214 -> 13946
214 -> 13947
214 -> 13948
214 -> 13946 13947
214 -> 13946 13948
214 -> 4 13946
214 -> 13947 13948
214 -> 4 13947
214 -> 4 13948
214 -> 0 1
214 -> 0 2
214 -> 0 4
214 -> 1 2
214 -> 1 4
214 -> 2 4
214 -> 13946 13947 13948
214 -> 4 13946 13947
214 -> 4 13946 13948
214 -> 4 13947 13948
214 -> 0 1 2
214 -> 0 1 4
214 -> 0 2 4
214 -> 1 2 4
214 -> 4 13946 13947 13948
214 -> 0 1 2 4
216 -> 1
216 -> 2
216 -> 4
216 -> 145
216 -> 3078
216 -> 13946
216 -> 13947
216 -> 13948
216 -> 13946 13947
216 -> 13946 13948
216 -> 4 13946
216 -> 13947 13948
216 -> 4 13947
216 -> 4 13948
216 -> 0 1
216 -> 0 2
216 -> 0 4
216 -> 1 2
216 -> 1 4
216 -> 2 4
216 -> 13946 13947 13948
216 -> 4 13946 13947
216 -> 4 13946 13948
216 -> 4 13947 13948
216 -> 0 1 2
216 -> 0 1 4
216 -> 0 2 4
216 -> 1 2 4
216 -> 4 13946 13947 13948
216 -> 0 1 2 4
218 -> 1
218 -> 2
218 -> 4
218 -> 145
218 -> 3078
218 -> 13946
218 -> 13947
218 -> 13948
218 -> 13946 13947
218 -> 13946 13948
218 -> 4 13946
218 -> 13947 13948
218 -> 4 13947
218 -> 4 13948
218 -> 0 1
218 -> 0 2
218 -> 0 4
218 -> 1 2
218 -> 1 4
218 -> 2 4
218 -> 13946 13947 13948
218 -> 4 13946 13947
218 -> 4 13946 13948
218 -> 4 13947 13948
218 -> 0 1 2
218 -> 0 1 4
218 -> 0 2 4
218 -> 1 2 4
218 -> 4 13946 13947 13948
218 -> 0 1 2 4
222 -> 1
222 -> 2
222 -> 4
222 -> 145
222 -> 3078
222 -> 13946
222 -> 13947
222 -> 13948
222 -> 13946 13947
222 -> 13946 13948
222 -> 4 13946
222 -> 13947 13948
222 -> 4 13947
222 -> 4 13948
222 -> 0 1
222 -> 0 2
222 -> 0 4
222 -> 1 2
222 -> 1 4
222 -> 2 4
222 -> 13946 13947 13948
222 -> 4 13946 13947
222 -> 4 13946 13948
222 -> 4 13947 13948
222 -> 0 1 2
222 -> 0 1 4
222 -> 0 2 4
222 -> 1 2 4
222 -> 4 13946 13947 13948
222 -> 0 1 2 4
229 -> 1
229 -> 2
229 -> 4
229 -> 13946
229 -> 13947
229 -> 13948
229 -> 13946 13947
229 -> 13946 13948
229 -> 4 13946
229 -> 13947 13948
229 -> 4 13947
229 -> 4 13948
229 -> 0 1
229 -> 0 2
229 -> 0 4
229 -> 1 2
229 -> 1 4
229 -> 2 4
229 -> 13946 13947 13948
229 -> 4 13946 13947
229 -> 4 13946 13948
229 -> 4 13947 13948
229 -> 0 1 2
229 -> 0 1 4
229 -> 0 2 4
229 -> 1 2 4
229 -> 4 13946 13947 13948
229 -> 0 1 2 4
235 -> 1
235 -> 2
235 -> 4
235 -> 145
235 -> 3078
235 -> 13946
235 -> 13947
235 -> 13948
235 -> 13946 13947
235 -> 13946 13948
235 -> 4 13946
235 -> 13947 13948
235 -> 4 13947
235 -> 4 13948
235 -> 0 1
235 -> 0 2
235 -> 0 4
235 -> 1 2
235 -> 1 4
235 -> 2 4
235 -> 13946 13947 13948
235 -> 4 13946 13947
235 -> 4 13946 13948
235 -> 4 13947 13948
235 -> 0 1 2
235 -> 0 1 4
235 -> 0 2 4
235 -> 1 2 4
235 -> 4 13946 13947 13948
235 -> 0 1 2 4
238 -> 1
238 -> 2
238 -> 4
238 -> 145
238 -> 3078
238 -> 13946
238 -> 13947
238 -> 13948
238 -> 13946 13947
238 -> 13946 13948
238 -> 4 13946
238 -> 13947 13948
238 -> 4 13947
238 -> 4 13948
238 -> 0 1
238 -> 0 2
238 -> 0 4
238 -> 1 2
238 -> 1 4
238 -> 2 4
238 -> 13946 13947 13948
238 -> 4 13946 13947
238 -> 4 13946 13948
238 -> 4 13947 13948
238 -> 0 1 2
238 -> 0 1 4
238 -> 0 2 4
238 -> 1 2 4
238 -> 4 13946 13947 13948
238 -> 0 1 2 4
244 -> 1
244 -> 2
244 -> 4
244 -> 13946
244 -> 13947
244 -> 13948
244 -> 13946 13947
244 -> 13946 13948
244 -> 4 13946
244 -> 13947 13948
244 -> 4 13947
244 -> 4 13948
244 -> 0 1
244 -> 0 2
244 -> 0 4
244 -> 1 2
244 -> 1 4
244 -> 2 4
244 -> 13946 13947 13948
244 -> 4 13946 13947
244 -> 4 13946 13948
244 -> 4 13947 13948
244 -> 0 1 2
244 -> 0 1 4
244 -> 0 2 4
244 -> 1 2 4
244 -> 4 13946 13947 13948
244 -> 0 1 2 4
247 -> 1
247 -> 2
247 -> 4
247 -> 145
247 -> 3078
247 -> 13946
247 -> 13947
247 -> 13948
247 -> 13946 13947
247 -> 13946 13948
247 -> 4 13946
247 -> 13947 13948
247 -> 4 13947
247 -> 4 13948
247 -> 0 1
247 -> 0 2
247 -> 0 4
247 -> 1 2
247 -> 1 4
247 -> 2 4
247 -> 13946 13947 13948
247 -> 4 13946 13947
247 -> 4 13946 13948
247 -> 4 13947 13948
247 -> 0 1 2
247 -> 0 1 4
247 -> 0 2 4
247 -> 1 2 4
247 -> 4 13946 13947 13948
247 -> 0 1 2 4
252 -> 1
252 -> 2
252 -> 4
252 -> 145
252 -> 3078
252 -> 13946
252 -> 13947
252 -> 13948
252 -> 13946 13947
252 -> 13946 13948
252 -> 4 13946
252 -> 13947 13948
252 -> 4 13947
252 -> 4 13948
252 -> 0 1
252 -> 0 2
252 -> 0 4
252 -> 1 2
252 -> 1 4
252 -> 2 4
252 -> 13946 13947 13948
252 -> 4 13946 13947
252 -> 4 13946 13948
252 -> 4 13947 13948
252 -> 0 1 2
252 -> 0 1 4
252 -> 0 2 4
252 -> 1 2 4
252 -> 4 13946 13947 13948
252 -> 0 1 2 4
257 -> 1
257 -> 2
257 -> 4
257 -> 145
257 -> 3078
257 -> 13946
257 -> 13947
257 -> 13948
257 -> 13946 13947
257 -> 13946 13948
257 -> 4 13946
257 -> 13947 13948
257 -> 4 13947
257 -> 4 13948
257 -> 0 1
257 -> 0 2
257 -> 0 4
257 -> 1 2
257 -> 1 4
257 -> 2 4
257 -> 13946 13947 13948
257 -> 4 13946 13947
257 -> 4 13946 13948
257 -> 4 13947 13948
257 -> 0 1 2
257 -> 0 1 4
257 -> 0 2 4
257 -> 1 2 4
257 -> 4 13946 13947 13948
257 -> 0 1 2 4
269 -> 1
269 -> 2
269 -> 4
269 -> 145
269 -> 3078
269 -> 13946
269 -> 13947
269 -> 13948
269 -> 13946 13947
269 -> 13946 13948
269 -> 4 13946
269 -> 13947 13948
269 -> 4 13947
269 -> 4 13948
269 -> 0 1
269 -> 0 2
269 -> 0 4
269 -> 1 2
269 -> 1 4
269 -> 2 4
269 -> 13946 13947 13948
269 -> 4 13946 13947
269 -> 4 13946 13948
269 -> 4 13947 13948
269 -> 0 1 2
269 -> 0 1 4
269 -> 0 2 4
269 -> 1 2 4
269 -> 4 13946 13947 13948
269 -> 0 1 2 4
277 -> 1
277 -> 2
277 -> 4
277 -> 145
277 -> 3078
277 -> 13946
277 -> 13947
277 -> 13948
277 -> 13946 13947
277 -> 13946 13948
277 -> 4 13946
277 -> 13947 13948
277 -> 4 13947
277 -> 4 13948
277 -> 0 1
277 -> 0 2
277 -> 0 4
277 -> 1 2
277 -> 1 4
277 -> 2 4
277 -> 13946 13947 13948
277 -> 4 13946 13947
277 -> 4 13946 13948
277 -> 4 13947 13948
277 -> 0 1 2
277 -> 0 1 4
277 -> 0 2 4
277 -> 1 2 4
277 -> 4 13946 13947 13948
277 -> 0 1 2 4
281 -> 1
281 -> 2
281 -> 4
281 -> 145
281 -> 3078
281 -> 13946
281 -> 13947
281 -> 13948
281 -> 13946 13947
281 -> 13946 13948
281 -> 4 13946
281 -> 13947 13948
281 -> 4 13947
281 -> 4 13948
281 -> 0 1
281 -> 0 2
281 -> 0 4
281 -> 1 2
281 -> 1 4
281 -> 2 4
281 -> 13946 13947 13948
281 -> 4 13946 13947
281 -> 4 13946 13948
281 -> 4 13947 13948
281 -> 0 1 2
281 -> 0 1 4
281 -> 0 2 4
281 -> 1 2 4
281 -> 4 13946 13947 13948
281 -> 0 1 2 4
283 -> 1
283 -> 2
283 -> 4
283 -> 145
283 -> 3078
283 -> 13946
283 -> 13947
283 -> 13948
283 -> 13946 13947
283 -> 13946 13948
283 -> 4 13946
283 -> 13947 13948
283 -> 4 13947
283 -> 4 13948
283 -> 0 1
283 -> 0 2
283 -> 0 4
283 -> 1 2
283 -> 1 4
283 -> 2 4
283 -> 13946 13947 13948
283 -> 4 13946 13947
283 -> 4 13946 13948
283 -> 4 13947 13948
283 -> 0 1 2
283 -> 0 1 4
283 -> 0 2 4
283 -> 1 2 4
283 -> 4 13946 13947 13948
283 -> 0 1 2 4
289 -> 1
289 -> 2
289 -> 4
289 -> 145
289 -> 3078
289 -> 13946
289 -> 13947
289 -> 13948
289 -> 13946 13947
289 -> 13946 13948
289 -> 4 13946
289 -> 13947 13948
289 -> 4 13947
289 -> 4 13948
289 -> 0 1
289 -> 0 2
289 -> 0 4
289 -> 1 2
289 -> 1 4
289 -> 2 4
289 -> 13946 13947 13948
289 -> 4 13946 13947
289 -> 4 13946 13948
289 -> 4 13947 13948
289 -> 0 1 2
289 -> 0 1 4
289 -> 0 2 4
289 -> 1 2 4
289 -> 4 13946 13947 13948
289 -> 0 1 2 4
303 -> 1
303 -> 2
303 -> 4
303 -> 145
303 -> 3078
303 -> 13946
303 -> 13947
303 -> 13948
303 -> 13946 13947
303 -> 13946 13948
303 -> 4 13946
303 -> 13947 13948
303 -> 4 13947
303 -> 4 13948
303 -> 0 1
303 -> 0 2
303 -> 0 4
303 -> 1 2
303 -> 1 4
303 -> 2 4
303 -> 13946 13947 13948
303 -> 4 13946 13947
303 -> 4 13946 13948
303 -> 4 13947 13948
303 -> 0 1 2
303 -> 0 1 4
303 -> 0 2 4
303 -> 1 2 4
303 -> 4 13946 13947 13948
303 -> 0 1 2 4
304 -> 1
304 -> 2
304 -> 4
304 -> 145
304 -> 3078
304 -> 13946
304 -> 13947
304 -> 13948
304 -> 13946 13947
304 -> 13946 13948
304 -> 4 13946
304 -> 13947 13948
304 -> 4 13947
304 -> 4 13948
304 -> 0 1
304 -> 0 2
304 -> 0 4
304 -> 1 2
304 -> 1 4
304 -> 2 4
304 -> 13946 13947 13948
304 -> 4 13946 13947
304 -> 4 13946 13948
304 -> 4 13947 13948
304 -> 0 1 2
304 -> 0 1 4
304 -> 0 2 4
304 -> 1 2 4
304 -> 4 13946 13947 13948
304 -> 0 1 2 4
307 -> 1
307 -> 2
307 -> 4
307 -> 145
307 -> 8
307 -> 13946
307 -> 13947
307 -> 13948
307 -> 13946 13947
307 -> 13946 13948
307 -> 4 13946
307 -> 13947 13948
307 -> 4 13947
307 -> 4 13948
307 -> 0 1
307 -> 0 2
307 -> 0 4
307 -> 1 2
307 -> 1 4
307 -> 2 4
307 -> 13946 13947 13948
307 -> 4 13946 13947
307 -> 4 13946 13948
307 -> 4 13947 13948
307 -> 0 1 2
307 -> 0 1 4
307 -> 0 2 4
307 -> 1 2 4
307 -> 4 13946 13947 13948
307 -> 0 1 2 4
314 -> 1
314 -> 2
314 -> 4
314 -> 145
314 -> 3078
314 -> 13946
314 -> 13947
314 -> 13948
314 -> 13946 13947
314 -> 13946 13948
314 -> 4 13946
314 -> 13947 13948
314 -> 4 13947
314 -> 4 13948
314 -> 0 1
314 -> 0 2
314 -> 0 4
314 -> 1 2
314 -> 1 4
314 -> 2 4
314 -> 13946 13947 13948
314 -> 4 13946 13947
314 -> 4 13946 13948
314 -> 4 1