4 12603 14982 -> 1 
4 614 -> 0 1 
4 614 -> 0 2 
4 614 -> 0 1 2 
4 614 -> 0 
4 614 -> 2 
4 614 -> 1 2 
4 614 -> 1 
12603 18849 -> 1 12602 
12603 18849 -> 4 
12603 18849 -> 1 
12603 18849 -> 1 4 
12603 18849 -> 12602 
12603 18849 -> 1 4 12602 
12603 18849 -> 4 12602 
4 5028 -> 1 
4 5028 -> 0 1 
4 5028 -> 0 2 
4 5028 -> 0 
4 5028 -> 1 2 
4 5028 -> 0 1 2 
4 5028 -> 2 
4 12603 16912 -> 1 
4 12602 -> 1  12603
4 12602 -> 1 
4 12602 ->  12603
1 4 5028 -> 0 
2 4 5327 -> 0 
2 4 5327 -> 1 
2 4 5327 -> 0 1 
4 12603 -> 1 
12603 14494 -> 1 12602 
12603 14494 -> 4 
12603 14494 -> 1 4 
12603 14494 -> 1 
12603 14494 -> 12602 
12603 14494 -> 4 12602 
12603 14494 -> 1 4 12602 
0 ->  1
0 ->  2
0 ->  4
0 ->  2 4
0 ->  1 2
0 ->  1 4
0 ->  1 2 4
1 ->  4
2 -> 0 
2 -> 0  4
2 -> 1  4
2 -> 0 1 
2 -> 1 
2 ->  4
2 -> 0 1  4
12603 -> 4 
12603 -> 1 4 12602 
12603 -> 12602 
12603 -> 1 12602 
12603 -> 1 4 
12603 -> 1 
12603 -> 4 12602 
4 -> 1 
2 4958 -> 1 
2 4958 -> 0 
2 4958 -> 0 1 
12602 -> 4 
12602 -> 1 4  12603
12602 ->  12603
12602 -> 1  12603
12602 -> 1 4 
12602 -> 1 
12602 -> 4  12603
0 1 ->  2
0 1 ->  4
0 1 ->  2 4
0 2 ->  4
4 447 12603 -> 1 
4 447 12602 -> 1  12603
4 447 12602 -> 1 
4 447 12602 ->  12603
1 2 1002 -> 0 
18125 -> 1 4 12602 
18125 -> 12602 
18125 -> 12602 12603 
18125 -> 4 12602 12603 
18125 -> 1 
18125 -> 1 12602 
18125 -> 1 12603 
18125 -> 12603 
18125 -> 1 4 12602 12603 
18125 -> 1 4 12603 
18125 -> 1 12602 12603 
18125 -> 4 12603 
18125 -> 4 12602 
18125 -> 1 4 
18125 -> 4 
1 2 11941 -> 0 
4 13959 -> 1 
1002 -> 4 
1002 -> 1 
1002 -> 1 4 
1 2 4 1002 -> 0 
3440 -> 1 
3440 -> 4 
3440 -> 1 4 
1 4 5073 -> 0 
1 6098 -> 0 
12602 12603 13015 -> 1 
12602 12603 13015 -> 4 
12602 12603 13015 -> 1 4 
1 2 4 10155 -> 0 
11941 -> 1 2 
11941 -> 2 4 
11941 -> 0 1 2 4 
11941 -> 0 4 
11941 -> 0 1 2 
11941 -> 0 2 
11941 -> 0 1 
11941 -> 0 1 4 
11941 -> 0 2 4 
11941 -> 1 
11941 -> 2 
11941 -> 0 
11941 -> 1 2 4 
11941 -> 1 4 
11941 -> 4 
2 1002 -> 0 1 
2 1002 -> 1 
2 1002 -> 0 
4 12603 18077 -> 1 
18109 -> 1 4 12602 
18109 -> 12602 12603 
18109 -> 12602 
18109 -> 4 12602 12603 
18109 -> 1 
18109 -> 1 12602 
18109 -> 12603 
18109 -> 1 4 12602 12603 
18109 -> 1 4 12603 
18109 -> 1 12603 
18109 -> 4 12603 
18109 -> 4 
18109 -> 4 12602 
18109 -> 1 4 
18109 -> 1 12602 12603 
12602 14892 -> 1 
12602 14892 -> 1 4 
12602 14892 -> 4 
15281 -> 1 4 12602 
15281 -> 12602 12603 
15281 -> 4 12602 12603 
15281 -> 1 4 12602 12603 
15281 -> 1 
15281 -> 1 12602 
15281 -> 4 12602 
15281 -> 12603 
15281 -> 1 12603 
15281 -> 4 12603 
15281 -> 12602 
15281 -> 1 4 12603 
15281 -> 4 
15281 -> 1 4 
15281 -> 1 12602 12603 
2 4 11941 -> 0 1 
2 4 11941 -> 0 
2 4 11941 -> 1 
614 -> 4 
614 -> 0 1 4 
614 -> 0 1 
614 -> 2 
614 -> 0 1 2 
614 -> 0 2 4 
614 -> 0 1 2 4 
614 -> 1 2 
614 -> 0 4 
614 -> 0 
614 -> 1 
614 -> 2 4 
614 -> 1 2 4 
614 -> 0 2 
614 -> 1 4 
1 2 4 4958 -> 0 
12602 12603 17871 -> 1 4 
12602 12603 17871 -> 4 
12602 12603 17871 -> 1 
2 4 3164 -> 0 
2 4 3164 -> 1 
2 4 3164 -> 0 1 
4 12602 12603 13959 -> 1 
12602 12603 15206 -> 4 
12602 12603 15206 -> 1 4 
12602 12603 15206 -> 1 
1 4 907 -> 0 
2 10155 -> 1 
2 10155 -> 0 
2 10155 -> 0 1 
4 12602 14494 -> 1 
2 4 1353 -> 0 1 
2 4 1353 -> 0 
2 4 1353 -> 1 
4 12603 13015 -> 1 
12602 12603 18109 -> 4 
12602 12603 18109 -> 1 4 
12602 12603 18109 -> 1 
4 12602 18849 -> 1 
2 614 -> 0 1 
2 614 -> 1 
2 614 -> 0 
1 2 4 2757 -> 0 
4 447 -> 1 
12602 18109 -> 1 4 
12602 18109 -> 1 
12602 18109 -> 4 
1 2 12170 -> 0 
2 4 5959 -> 0 1 
2 4 5959 -> 0 
2 4 5959 -> 1 
4 12602 12603 18109 -> 1 
2 41 -> 1 
2 41 -> 0 
2 41 -> 0 1 
2 4 2661 -> 0 1 
2 4 2661 -> 0 
2 4 2661 -> 1 
2177 -> 0 1 2 
2177 -> 0 1 4 
2177 -> 1 2 
2177 -> 1 4 
2177 -> 0 4 
2177 -> 1 
2177 -> 4 
2177 -> 2 4 
2177 -> 0 2 
2177 -> 0 
2177 -> 0 2 4 
2177 -> 0 1 
2177 -> 1 2 4 
2177 -> 2 
2177 -> 0 1 2 4 
4 14892 -> 1 
1 2 2178 -> 0 
1 2 2177 -> 0 
1 2 4 8049 -> 0 
1 3164 -> 0 
1 2 2179 -> 0 
1 2 4 8286 -> 0 
12602 18125 -> 1 4 
12602 18125 -> 1 
12602 18125 -> 4 
2 4 2677 -> 0 1 
2 4 2677 -> 0 
2 4 2677 -> 1 
1 2 447 -> 0 
2188 -> 1 4 
2188 -> 4 
2188 -> 1 
2187 -> 1 4 
2187 -> 4 
2187 -> 1 
2186 -> 1 4 
2186 -> 4 
2186 -> 1 
12602 12603 18125 -> 4 
12602 12603 18125 -> 1 4 
12602 12603 18125 -> 1 
2185 -> 1 4 
2185 -> 4 
2185 -> 1 
2184 -> 1 4 
2184 -> 4 
2184 -> 1 
1 447 12602 ->  12603
2183 -> 1 4 
2183 -> 4 
2183 -> 1 
2182 -> 1 4 
2182 -> 4 
2182 -> 1 
2181 -> 1 4 
2181 -> 4 
2181 -> 1 
1 2 2188 -> 0 
1 2 2185 -> 0 
1 2 4 6098 -> 0 
1 2 2184 -> 0 
2179 -> 1 4 
2179 -> 1 
2179 -> 4 
1 2 2187 -> 0 
2178 -> 1 4 
2178 -> 1 
2178 -> 4 
1 2 2186 -> 0 
1 2 2181 -> 0 
1 2 2183 -> 0 
1 2 2182 -> 0 
4 12602 12603 18125 -> 1 
12602 12603 15281 -> 4 
12602 12603 15281 -> 1 4 
12602 12603 15281 -> 1 
2 4 12170 -> 1 
2 4 12170 -> 0 
2 4 12170 -> 0 1 
2 8049 -> 1 
2 8049 -> 0 
2 8049 -> 0 1 
2 8286 -> 1 
2 8286 -> 0 
2 8286 -> 0 1 
4 12253 -> 1 
4 12253 -> 2 
4 12253 -> 0 1 2 
4 12253 -> 1 2 
4 12253 -> 0 
4 12253 -> 0 1 
4 12253 -> 0 2 
4 12602 18812 -> 1 
4 15521 -> 1 
1 2 4 -> 0 
1 2 4 12170 -> 0 
12602 12603 13091 -> 4 
12602 12603 13091 -> 1 4 
12602 12603 13091 -> 1 
4 12602 12603 13091 -> 1 
2 6098 -> 1 
2 6098 -> 0 
2 6098 -> 0 1 
12602 12603 -> 1 4 
12602 12603 -> 1 
12602 12603 -> 4 
4 15510 -> 1 
4 5073 -> 0 1 
4 5073 -> 1 
4 5073 -> 0 2 
4 5073 -> 0 
4 5073 -> 0 1 2 
4 5073 -> 1 2 
4 5073 -> 2 
447 -> 4 
447 -> 1 4 
447 -> 1 
4 1950 -> 1 
2 12170 -> 1 
2 12170 -> 0 
2 12170 -> 0 1 
4 12602 12603 15281 -> 1 
4 18812 -> 1 
4 12602 15521 -> 1 
691 -> 4 12603 12
691 -> 1 12602 12603 12
691 -> 1 12603 12
691 -> 1 4 12602 12603 12
691 -> 1 12602 12
691 -> 1 12
691 -> 4 12602 12
691 -> 1 4 12
691 -> 4 12602 12603 12
691 -> 12602 12603 12
691 -> 12602 12
691 -> 1 4 12603 12
691 -> 4 12
691 -> 12
691 -> 1 4 12602 12
691 -> 12603 12
1 4 12253 -> 0 
1 2 247 -> 0 
1 2 4 41 -> 0 
4 12602 15510 -> 1 
1 4 2177 -> 0 
13959 -> 4 
13959 -> 4 12602 12603 
13959 -> 1 4 12602 
13959 -> 1 4 12603 
13959 -> 12602 
13959 -> 12603 
13959 -> 1 4 12602 12603 
13959 -> 1 12602 12603 
13959 -> 4 12603 
13959 -> 1 12602 
13959 -> 1 12603 
13959 -> 1 4 
13959 -> 12602 12603 
13959 -> 4 12602 
13959 -> 1 
4 41 -> 0 1 2 
4 41 -> 1 2 
4 41 -> 0 
4 41 -> 1 
4 41 -> 0 2 
4 41 -> 0 1 
4 41 -> 2 
12602 13959 -> 1 4 
12602 13959 -> 1 
12602 13959 -> 4 
2 2757 -> 1 
2 2757 -> 0 
2 2757 -> 0 1 
1 4 1353 -> 0 
12602 12603 18077 -> 1 
12602 12603 18077 -> 1 4 
12602 12603 18077 -> 4 
1 10155 -> 0 
2 4 12253 -> 0 1 
2 4 12253 -> 1 
2 4 12253 -> 0 
12603 13959 -> 4 12602 
12603 13959 -> 1 4 
12603 13959 -> 1 4 12602 
12603 13959 -> 1 12602 
12603 13959 -> 4 
12603 13959 -> 1 
12603 13959 -> 12602 
1 4 2677 -> 0 
2 4 6098 -> 1 
2 4 6098 -> 0 1 
2 4 6098 -> 0 
1 2 10155 -> 0 
247 -> 1 4 
247 -> 4 
247 -> 1 
13015 -> 12602 12603 
13015 -> 4 12603 
13015 -> 1 12602 12603 
13015 -> 4 12602 12603 
13015 -> 1 4 12602 12603 
13015 -> 1 4 
13015 -> 1 
13015 -> 4 12602 
13015 -> 4 
13015 -> 1 4 12602 
13015 -> 1 12603 
13015 -> 1 12602 
13015 -> 12602 
13015 -> 1 4 12603 
13015 -> 12603 
5028 -> 4 
5028 -> 1 4 
5028 -> 0 1 4 
5028 -> 0 1 2 
5028 -> 0 2 4 
5028 -> 0 
5028 -> 0 2 
5028 -> 1 
5028 -> 0 4 
5028 -> 1 2 
5028 -> 2 
5028 -> 1 2 4 
5028 -> 0 1 
5028 -> 0 1 2 4 
5028 -> 2 4 
4 14494 -> 1 
1 4 2661 -> 0 
4 1002 -> 1 
4 18849 -> 1 
1 2 964 -> 0 
4 12602 14982 -> 1 
4 12602 16912 -> 1 
4 2757 -> 1 2 
4 2757 -> 2 
4 2757 -> 0 1 
4 2757 -> 0 
4 2757 -> 0 1 2 
4 2757 -> 0 2 
4 2757 -> 1 
1 964 -> 0 
1 2177 -> 0 
2 4 2757 -> 1 
2 4 2757 -> 0 1 
2 4 2757 -> 0 
0 1 2 ->  4
5073 -> 0 1 4 
5073 -> 1 4 
5073 -> 4 
5073 -> 0 1 2 
5073 -> 0 
5073 -> 0 2 4 
5073 -> 1 
5073 -> 0 4 
5073 -> 0 2 
5073 -> 0 1 2 4 
5073 -> 1 2 4 
5073 -> 1 2 
5073 -> 2 
5073 -> 0 1 
5073 -> 2 4 
2 4 918 -> 0 1 
2 4 918 -> 1 
2 4 918 -> 0 
4 12602 12603 13015 -> 1 
2 4 916 -> 0 1 
2 4 916 -> 1 
2 4 916 -> 0 
2 4 917 -> 0 1 
2 4 917 -> 1 
2 4 917 -> 0 
2 4 915 -> 0 1 
2 4 915 -> 1 
2 4 915 -> 0 
2 4 912 -> 0 1 
2 4 912 -> 1 
2 4 912 -> 0 
2 4 913 -> 0 1 
2 4 913 -> 1 
2 4 913 -> 0 
2 4 910 -> 0 1 
2 4 910 -> 1 
2 4 910 -> 0 
2 4 911 -> 0 1 
2 4 911 -> 1 
2 4 911 -> 0 
4 4958 -> 1 2 
4 4958 -> 0 1 
4 4958 -> 0 
4 4958 -> 0 1 2 
4 4958 -> 2 
4 4958 -> 1 
4 4958 -> 0 2 
4 12602 18077 -> 1 
2 4 8286 -> 1 
2 4 8286 -> 0 1 
2 4 8286 -> 0 
2 4 8049 -> 1 
2 4 8049 -> 0 1 
2 4 8049 -> 0 
1 2 41 -> 0 
1950 -> 1 4 
1950 -> 4 
1950 -> 1 
2 4 909 -> 0 1 
2 4 909 -> 1 
2 4 909 -> 0 
2 4 907 -> 0 1 
2 4 907 -> 1 
2 4 907 -> 0 
2 4 908 -> 0 1 
2 4 908 -> 1 
2 4 908 -> 0 
4 12602 12603 15206 -> 1 
10155 -> 0 4 
10155 -> 1 2 4 
10155 -> 2 
10155 -> 0 1 4 
10155 -> 1 
10155 -> 1 2 
10155 -> 0 2 4 
10155 -> 0 
10155 -> 4 
10155 -> 0 1 
10155 -> 1 4 
10155 -> 0 2 
10155 -> 0 1 2 
10155 -> 2 4 
10155 -> 0 1 2 4 
4 12602 12603 17871 -> 1 
4 12603 14494 -> 1 
1 4 5959 -> 0 
4 12603 18849 -> 1 
1 2 911 -> 0 
1 2 912 -> 0 
1 2 913 -> 0 
12602 15521 -> 4 
12602 15521 -> 1 4 
12602 15521 -> 1 
1 2 910 -> 0 
1 4958 -> 0 
1 2 908 -> 0 
1 2 909 -> 0 
1 2 907 -> 0 
12602 15510 -> 4 
12602 15510 -> 1 4 
12602 15510 -> 1 
2 4 964 -> 1 
2 4 964 -> 0 
2 4 964 -> 0 1 
13091 -> 12602 12603 
13091 -> 4 12602 12603 
13091 -> 1 4 12602 12603 
13091 -> 1 
13091 -> 1 12602 
13091 -> 4 12602 
13091 -> 12603 
13091 -> 4 12603 
13091 -> 1 12603 
13091 -> 12602 
13091 -> 1 12602 12603 
13091 -> 1 4 12603 
13091 -> 4 
13091 -> 1 4 12602 
13091 -> 1 4 
12603 14892 -> 1 4 
12603 14892 -> 1 
12603 14892 -> 1 12602 
12603 14892 -> 4 
12603 14892 -> 4 12602 
12603 14892 -> 1 4 12602 
12603 14892 -> 12602 
1 2 4 3164 -> 0 
1 2757 -> 0 
12603 15510 -> 1 4 
12603 15510 -> 1 
12603 15510 -> 4 
12603 15510 -> 1 12602 
12603 15510 -> 12602 
12603 15510 -> 4 12602 
12603 15510 -> 1 4 12602 
12602 18812 -> 4 
12602 18812 -> 1 4 
12602 18812 -> 1 
1 2 6098 -> 0 
4 2178 -> 1 
4 2179 -> 1 
4 2177 -> 0 1 
4 2177 -> 1 
4 2177 -> 0 
4 2177 -> 2 
4 2177 -> 0 2 
4 2177 -> 1 2 
4 2177 -> 0 1 2 
12603 15521 -> 1 4 
12603 15521 -> 1 
12603 15521 -> 1 12602 
12603 15521 -> 4 
12603 15521 -> 12602 
12603 15521 -> 4 12602 
12603 15521 -> 1 4 12602 
1 2 8286 -> 0 
1 2 8049 -> 0 
4 2183 -> 1 
4 2184 -> 1 
4 2181 -> 1 
4 2182 -> 1 
1 8049 -> 0 
1 2 4 5327 -> 0 
4 2187 -> 1 
1 8286 -> 0 
4 2188 -> 1 
4 2185 -> 1 
4 2186 -> 1 
1 4 964 -> 0 
4 12602 12603 16912 -> 1 
1 4 447 12602 ->  12603
4 3440 -> 1 
12603 18812 -> 1 
12603 18812 -> 1 4 
12603 18812 -> 12602 
12603 18812 -> 1 12602 
12603 18812 -> 4 
12603 18812 -> 4 12602 
12603 18812 -> 1 4 12602 
1 2 2757 -> 0 
12602 12603 14982 -> 1 
12602 12603 14982 -> 1 4 
12602 12603 14982 -> 4 
12602 12603 16912 -> 1 
12602 12603 16912 -> 1 4 
12602 12603 16912 -> 4 
4 12602 12603 14982 -> 1 
2 5327 -> 0 
2 5327 -> 0 1 
2 5327 -> 1 
12170 -> 0 1 4 
12170 -> 1 2 
12170 -> 2 4 
12170 -> 1 2 4 
12170 -> 2 
12170 -> 0 1 
12170 -> 0 4 
12170 -> 1 4 
12170 -> 0 2 
12170 -> 0 1 2 
12170 -> 1 
12170 -> 0 2 4 
12170 -> 0 
12170 -> 4 
12170 -> 0 1 2 4 
12602 14494 -> 4 
12602 14494 -> 1 
12602 14494 -> 1 4 
1 2 4 964 -> 0 
15206 -> 12602 12603 
15206 -> 4 12602 12603 
15206 -> 1 4 12602 12603 
15206 -> 1 4 
15206 -> 1 
15206 -> 4 12602 
15206 -> 4 
15206 -> 1 12602 12603 
15206 -> 4 12603 
15206 -> 1 12603 
15206 -> 1 12602 
15206 -> 12602 
15206 -> 1 4 12602 
15206 -> 1 4 12603 
15206 -> 12603 
17871 -> 12602 12603 
17871 -> 1 4 12602 12603 
17871 -> 4 12602 12603 
17871 -> 12603 
17871 -> 1 4 
17871 -> 1 
17871 -> 4 12602 
17871 -> 4 
17871 -> 1 12602 12603 
17871 -> 4 12603 
17871 -> 1 12602 
17871 -> 1 4 12602 
17871 -> 1 12603 
17871 -> 12602 
17871 -> 1 4 12603 
2 3164 -> 0 
2 3164 -> 1 
2 3164 -> 0 1 
2661 -> 0 1 
2661 -> 0 1 2 4 
2661 -> 2 4 
2661 -> 0 2 4 
2661 -> 0 
2661 -> 1 4 
2661 -> 0 2 
2661 -> 0 1 2 
2661 -> 2 
2661 -> 1 2 4 
2661 -> 0 1 4 
2661 -> 4 
2661 -> 0 4 
2661 -> 1 2 
2661 -> 1 
12602 18849 -> 4 
12602 18849 -> 1 
12602 18849 -> 1 4 
1 2 4958 -> 0 
1 2 915 -> 0 
1 2 916 -> 0 
1 2 917 -> 0 
1 2 918 -> 0 
907 -> 0 1 2 4 
907 -> 1 4 
907 -> 0 4 
907 -> 0 
907 -> 2 4 
907 -> 1 2 
907 -> 0 1 
907 -> 0 2 
907 -> 0 1 2 
907 -> 1 2 4 
907 -> 4 
907 -> 1 
907 -> 2 
907 -> 0 2 4 
907 -> 0 1 4 
908 -> 1 4 
908 -> 4 
908 -> 1 
2 2661 -> 0 
2 2661 -> 0 1 
2 2661 -> 1 
909 -> 1 4 
909 -> 4 
909 -> 1 
1 2 ->  4
1 2 -> 0 
1 2 -> 0  4
1 2 4 909 -> 0 
12602 18077 -> 1 
12602 18077 -> 4 
12602 18077 -> 1 4 
1 2 4 908 -> 0 
1 2 4 907 -> 0 
12603 17871 -> 12602 
12603 17871 -> 1 4 12602 
12603 17871 -> 4 12602 
12603 17871 -> 1 12602 
12603 17871 -> 4 
12603 17871 -> 1 
12603 17871 -> 1 4 
910 -> 1 4 
910 -> 4 
910 -> 1 
911 -> 1 4 
911 -> 4 
911 -> 1 
912 -> 4 12603 16
912 -> 1 12602 12603 16
912 -> 1 12603 16
912 -> 1 4 12602 12603 16
912 -> 1 4 
912 -> 1 12602 16
912 -> 1 16
912 -> 4 12602 16
912 -> 1 4 16
912 -> 4 12602 12603 16
912 -> 12602 12603 16
912 -> 12602 16
912 -> 1 4 12603 16
912 -> 4 
912 -> 4 16
912 -> 16
912 -> 1 
912 -> 1 4 12602 16
912 -> 12603 16
913 -> 1 4 
913 -> 4 
913 -> 1 
915 -> 1 4 
915 -> 4 
915 -> 1 
916 -> 1 4 
916 -> 4 
916 -> 1 
917 -> 1 4 
917 -> 4 
917 -> 1 
918 -> 1 4 
918 -> 4 
918 -> 1 
2 4 2177 -> 0 
2 4 2177 -> 1 
2 4 2177 -> 0 1 
2 4 2178 -> 0 
2 4 2178 -> 1 
2 4 2178 -> 0 1 
2 4 2179 -> 0 
2 4 2179 -> 1 
2 4 2179 -> 0 1 
2 4 447 -> 0 
2 4 447 -> 0 1 
2 4 447 -> 1 
1 2 4 12253 -> 0 
4 964 -> 0 
4 964 -> 2 
4 964 -> 1 
4 964 -> 1 2 
4 964 -> 0 1 
4 964 -> 0 2 
4 964 -> 0 1 2 
1 2 2677 -> 0 
1 2 1353 -> 0 
2677 -> 0 1 
2677 -> 0 1 2 4 
2677 -> 2 4 
2677 -> 0 2 4 
2677 -> 0 
2677 -> 1 4 
2677 -> 0 2 
2677 -> 1 2 
2677 -> 0 1 2 
2677 -> 2 
2677 -> 1 2 4 
2677 -> 4 
2677 -> 0 1 4 
2677 -> 0 4 
2677 -> 1 
1 5073 -> 0 
2 1353 -> 0 
2 1353 -> 1 
2 1353 -> 0 1 
4 12602 12603 18077 -> 1 
4 12602 15281 -> 1 
12602 16912 -> 1 
12602 16912 -> 4 
12602 16912 -> 1 4 
1 4 12170 -> 0 
1 2 5959 -> 0 
5959 -> 0 1 2 4 
5959 -> 0 1 
5959 -> 2 4 
5959 -> 0 
5959 -> 0 2 4 
5959 -> 1 4 
5959 -> 0 2 
5959 -> 1 2 
5959 -> 0 1 2 
5959 -> 2 
5959 -> 1 2 4 
5959 -> 4 
5959 -> 0 1 4 
5959 -> 0 4 
5959 -> 1 
1353 -> 0 1 2 4 
1353 -> 0 1 
1353 -> 2 4 
1353 -> 0 2 4 
1353 -> 0 
1353 -> 1 4 
1353 -> 0 2 
1353 -> 1 2 
1353 -> 2 
1353 -> 0 1 2 
1353 -> 1 2 4 
1353 -> 4 
1353 -> 0 1 4 
1353 -> 0 4 
1353 -> 1 
2 5959 -> 0 
2 5959 -> 1 
2 5959 -> 0 1 
4 447 12602 12603 -> 1 
4 12602 13091 -> 1 
1 2 4 916 -> 0 
1 2 4 915 -> 0 
1 2 4 918 -> 0 
1 2 4 917 -> 0 
1 2 4 912 -> 0 
1 2 4 911 -> 0 
4 2905 -> 1 
1 2 4 913 -> 0 
1 2 4 910 -> 0 
2 2677 -> 0 
2 2677 -> 1 
2 2677 -> 0 1 
1 2 4 5959 -> 0 
1 2 4 1353 -> 0 
4 3164 -> 0 2 
4 3164 -> 2 
4 3164 -> 1 2 
4 3164 -> 0 1 2 
4 3164 -> 0 1 
4 3164 -> 1 
4 3164 -> 0 
12602 14982 -> 4 
12602 14982 -> 1 4 
12602 14982 -> 1 
2 4 247 -> 0 
2 4 247 -> 0 1 
2 4 247 -> 1 
4 18077 -> 1 
964 -> 1 2 
964 -> 0 4 
964 -> 0 
964 -> 1 
964 -> 2 4 
964 -> 0 2 
964 -> 1 4 
964 -> 1 2 4 
964 -> 4 
964 -> 0 1 4 
964 -> 0 1 
964 -> 2 
964 -> 0 1 2 
964 -> 0 2 4 
964 -> 0 1 2 4 
12603 13091 -> 12602 
12603 13091 -> 4 12602 
12603 13091 -> 1 4 12602 
12603 13091 -> 4 
12603 13091 -> 1 
12603 13091 -> 1 12602 
12603 13091 -> 1 4 
12602 12603 18812 -> 1 
12602 12603 18812 -> 4 
12602 12603 18812 -> 1 4 
1 2 4 2677 -> 0 
447 12602 12603 -> 1 4 
447 12602 12603 -> 4 
447 12602 12603 -> 1 
4 910 -> 1 
2 4 2187 -> 0 
2 4 2187 -> 0 1 
2 4 2187 -> 1 
4 911 -> 1 
2 4 2188 -> 0 
2 4 2188 -> 0 1 
2 4 2188 -> 1 
4 912 -> 1 
4 16912 -> 1 
4 913 -> 1 
2 4 2181 -> 0 
2 4 2181 -> 0 1 
2 4 2181 -> 1 
2 4 2182 -> 0 
2 4 2182 -> 0 1 
2 4 2182 -> 1 
2 4 2183 -> 0 
2 4 2183 -> 0 1 
2 4 2183 -> 1 
2 4 2184 -> 0 
2 4 2184 -> 0 1 
2 4 2184 -> 1 
2 4 2185 -> 0 
2 4 2185 -> 0 1 
2 4 2185 -> 1 
12602 12603 14494 -> 1 
12602 12603 14494 -> 4 
12602 12603 14494 -> 1 4 
2 4 2186 -> 0 
2 4 2186 -> 0 1 
2 4 2186 -> 1 
1 11941 -> 0 
12602 12603 18849 -> 1 
12602 12603 18849 -> 1 4 
12602 12603 18849 -> 4 
12603 15281 -> 12602 
12603 15281 -> 4 12602 
12603 15281 -> 1 4 12602 
12603 15281 -> 1 
12603 15281 -> 4 
12603 15281 -> 1 4 
12603 15281 -> 1 12602 
4 918 -> 1 
1 41 -> 0 
4 915 -> 1 
1 2 4 2661 -> 0 
4 916 -> 1 
4 917 -> 1 
4 907 -> 0 1 2 
4 907 -> 1 
4 907 -> 0 
4 907 -> 2 
4 907 -> 1 2 
4 907 -> 0 2 
4 907 -> 0 1 
4 908 -> 1 
4 909 -> 1 
4 12603 13959 -> 1 
1 4 41 -> 0 
2 964 -> 1 
2 964 -> 0 
2 964 -> 0 1 
4 10155 -> 0 
4 10155 -> 1 2 
4 10155 -> 0 1 
4 10155 -> 0 2 
4 10155 -> 1 
4 10155 -> 2 
4 10155 -> 0 1 2 
16912 -> 4 12603 
16912 -> 1 12602 12603 
16912 -> 1 12603 
16912 -> 1 4 12602 12603 
16912 -> 1 12602 
16912 -> 1 
16912 -> 4 12602 
16912 -> 1 4 
16912 -> 4 12602 12603 
16912 -> 12602 12603 
16912 -> 12602 
16912 -> 1 4 12603 
16912 -> 4 
16912 -> 1 4 12602 
16912 -> 12603 
4 12602 17871 -> 1 
2 4 1002 -> 1 
2 4 1002 -> 0 1 
2 4 1002 -> 0 
1 12170 -> 0 
4 14982 -> 1 
447 12603 -> 4 
447 12603 -> 1 
447 12603 -> 1 4 
447 12602 -> 4 
447 12602 -> 1 
447 12602 -> 1 4  12603
447 12602 -> 1 4 
447 12602 -> 4  12603
447 12602 -> 1  12603
447 12602 ->  12603
14982 -> 4 12603 
14982 -> 1 12603 
14982 -> 1 12602 12603 
14982 -> 1 4 12602 12603 
14982 -> 1 
14982 -> 4 12602 
14982 -> 12602 12603 
14982 -> 4 12602 12603 
14982 -> 12602 
14982 -> 1 4 12603 
14982 -> 4 
14982 -> 1 4 12602 
14982 -> 1 4 
14982 -> 1 12602 
14982 -> 12603 
12603 18109 -> 12602 
12603 18109 -> 4 12602 
12603 18109 -> 1 4 12602 
12603 18109 -> 1 4 
12603 18109 -> 1 
12603 18109 -> 4 
12603 18109 -> 1 12602 
18077 -> 1 12602 12603 
18077 -> 1 4 12602 12603 
18077 -> 4 12603 
18077 -> 1 12603 
18077 -> 1 12602 
18077 -> 12602 12603 
18077 -> 4 12602 
18077 -> 1 4 
18077 -> 1 
18077 -> 12602 
18077 -> 4 12602 12603 
18077 -> 4 
18077 -> 1 4 12602 
18077 -> 1 4 12603 
18077 -> 12603 
4 12602 15206 -> 1 
1 907 -> 0 
1 4 10155 -> 0 
2 4 4958 -> 1 
2 4 4958 -> 0 1 
2 4 4958 -> 0 
4 6098 -> 0 
4 6098 -> 1 2 
4 6098 -> 2 
4 6098 -> 0 1 
4 6098 -> 0 1 2 
4 6098 -> 0 2 
4 6098 -> 1 
4 12603 18812 -> 1 
4 12602 13015 -> 1 
1 2 5327 -> 0 
4 8049 -> 0 
4 8049 -> 1 2 
4 8049 -> 2 
4 8049 -> 0 1 
4 8049 -> 0 1 2 
4 8049 -> 0 2 
4 8049 -> 1 
5327 -> 2 4 
5327 -> 0 
5327 -> 0 2 
5327 -> 0 2 4 
5327 -> 0 1 
5327 -> 1 2 4 
5327 -> 0 1 2 4 
5327 -> 2 
5327 -> 0 1 2 
5327 -> 0 1 4 
5327 -> 1 2 
5327 -> 1 4 
5327 -> 0 4 
5327 -> 1 
5327 -> 4 
2 12253 -> 0 
2 12253 -> 0 1 
2 12253 -> 1 
4 8286 -> 0 
4 8286 -> 1 2 
4 8286 -> 2 
4 8286 -> 0 1 
4 8286 -> 0 1 2 
4 8286 -> 0 2 
4 8286 -> 1 
4 12603 15510 -> 1 
3164 -> 0 2 4 
3164 -> 0 
3164 -> 0 2 
3164 -> 2 4 
3164 -> 1 
3164 -> 0 1 
3164 -> 1 2 4 
3164 -> 0 1 2 4 
3164 -> 2 
3164 -> 4 
3164 -> 0 1 4 
3164 -> 1 2 
3164 -> 1 4 
3164 -> 0 1 2 
3164 -> 0 4 
12603 18125 -> 12602 
12603 18125 -> 4 12602 
12603 18125 -> 1 
12603 18125 -> 1 4 12602 
12603 18125 -> 1 4 
12603 18125 -> 1 12602 
12603 18125 -> 4 
1 2 3164 -> 0 
4 12603 15521 -> 1 
1 4 3164 -> 0 
1 2 12253 -> 0 
1 5028 -> 0 
2 909 -> 1 
2 909 -> 0 
2 909 -> 0 1 
2 908 -> 1 
2 908 -> 0 
2 908 -> 0 1 
2 907 -> 1 
2 907 -> 0 
2 907 -> 0 1 
2 915 -> 0 
2 915 -> 1 
2 915 -> 0 1 
4 12603 14892 -> 1 
2 913 -> 1 
2 913 -> 0 
2 913 -> 0 1 
2 912 -> 1 
2 912 -> 0 
2 912 -> 0 1 
2 911 -> 1 
2 911 -> 0 
2 911 -> 0 1 
2 910 -> 1 
2 910 -> 0 
2 910 -> 0 1 
4 1610 -> 1 
1 4 5327 -> 0 
2 918 -> 0 
2 918 -> 1 
2 918 -> 0 1 
2 917 -> 0 
2 917 -> 1 
2 917 -> 0 1 
2 916 -> 0 
2 916 -> 1 
2 916 -> 0 1 
4 15206 -> 1 
4 12602 12603 14494 -> 1 
4 2677 -> 0 1 2 
4 2677 -> 2 
4 2677 -> 0 2 
4 2677 -> 1 
4 2677 -> 1 2 
4 2677 -> 0 1 
4 2677 -> 0 
2 447 -> 0 
2 447 -> 1 
2 447 -> 0 1 
4 12603 13091 -> 1 
4 12602 14892 -> 1 
1 2 5028 -> 0 
1 2 4 5073 -> 0 
18812 -> 1 
18812 -> 4 12602 
18812 -> 1 4 
18812 -> 4 
18812 -> 1 4 12602 
18812 -> 1 12602 
18812 -> 12602 
18812 -> 1 12603 
18812 -> 1 4 12603 
18812 -> 12603 
18812 -> 12602 12603 
18812 -> 1 12602 12603 
18812 -> 4 12603 
18812 -> 4 12602 12603 
18812 -> 1 4 12602 12603 
4 5959 -> 0 1 2 
4 5959 -> 2 
4 5959 -> 0 2 
4 5959 -> 1 
4 5959 -> 1 2 
4 5959 -> 0 1 
4 5959 -> 0 
4 13015 -> 1 
4 12603 15281 -> 1 
4 12170 -> 0 1 
4 12170 -> 2 
4 12170 -> 1 2 
4 12170 -> 0 
4 12170 -> 1 
4 12170 -> 0 2 
4 12170 -> 0 1 2 
4 1353 -> 0 1 2 
4 1353 -> 2 
4 1353 -> 0 2 
4 1353 -> 1 
4 1353 -> 1 2 
4 1353 -> 0 1 
4 1353 -> 0 
2 4 41 -> 0 1 
2 4 41 -> 1 
2 4 41 -> 0 
1 2 614 -> 0 
12253 -> 0 
12253 -> 0 2 
12253 -> 0 1 
12253 -> 4 
12253 -> 1 4 
12253 -> 0 1 2 
12253 -> 2 4 
12253 -> 0 1 2 4 
12253 -> 1 2 4 
12253 -> 0 4 
12253 -> 2 
12253 -> 1 2 
12253 -> 0 1 4 
12253 -> 0 2 4 
12253 -> 1 
1 2 4 247 -> 0 
15521 -> 1 4 12603 
15521 -> 4 
15521 -> 4 12602 
15521 -> 1 4 
15521 -> 1 4 12602 
15521 -> 1 12602 
15521 -> 12602 
15521 -> 12603 
15521 -> 1 12603 
15521 -> 1 12602 12603 
15521 -> 4 12603 
15521 -> 1 
15521 -> 12602 12603 
15521 -> 4 12602 12603 
15521 -> 1 4 12602 12603 
1 4 4958 -> 0 
12602 13091 -> 1 
12602 13091 -> 4 
12602 13091 -> 1 4 
2 5028 -> 0 1 
2 5028 -> 0 
2 5028 -> 1 
12603 18077 -> 1 12602 
12603 18077 -> 1 4 12602 
12603 18077 -> 4 
12603 18077 -> 1 
12603 18077 -> 12602 
12603 18077 -> 4 12602 
12603 18077 -> 1 4 
4 17871 -> 1 
1 4 12602 ->  12603
41 -> 1 2 119
41 -> 0 
41 -> 119
41 -> 2 4 119
41 -> 0 1 2 4 119
41 -> 2 
41 -> 0 1 
41 -> 0 1 2 4 
41 -> 1 2 4 
41 -> 4 
41 -> 0 4 119
41 -> 1 2 
41 -> 0 1 2 119
41 -> 0 2 119
41 -> 0 1 119
41 -> 0 1 4 119
41 -> 0 4 
41 -> 0 2 4 119
41 -> 1 119
41 -> 0 2 
41 -> 1 
41 -> 1 4 
41 -> 0 2 4 
41 -> 0 1 2 
41 -> 0 1 4 
41 -> 2 4 
41 -> 2 119
41 -> 0 119
41 -> 1 2 4 119
41 -> 1 4 119
41 -> 4 119
14892 -> 1 4 12603 
14892 -> 12602 
14892 -> 1 4 
14892 -> 4 
14892 -> 1 12602 
14892 -> 1 4 12602 
14892 -> 12603 
14892 -> 1 12603 
14892 -> 1 12602 12603 
14892 -> 4 12603 
14892 -> 4 12602 
14892 -> 1 
14892 -> 4 12602 12603 
14892 -> 1 4 12602 12603 
14892 -> 12602 12603 
1 5327 -> 0 
2 4 10155 -> 1 
2 4 10155 -> 0 
2 4 10155 -> 0 1 
1 12253 -> 0 
2905 -> 1 
2905 -> 4 
2905 -> 1 4 
4 12602 12603 18812 -> 1 
4 247 -> 1 
12603 16912 -> 4 
12603 16912 -> 1 12602 
12603 16912 -> 1 
12603 16912 -> 1 4 12602 
12603 16912 -> 4 12602 
12603 16912 -> 12602 
12603 16912 -> 1 4 
1 614 -> 0 
2 11941 -> 1 
2 11941 -> 0 1 
2 11941 -> 0 
12602 15281 -> 1 4 
12602 15281 -> 1 
12602 15281 -> 4 
15510 -> 1 4 12603 
15510 -> 4 
15510 -> 4 12602 
15510 -> 1 4 
15510 -> 1 4 12602 
15510 -> 1 12602 
15510 -> 12602 
15510 -> 12603 
15510 -> 1 12603 
15510 -> 4 12603 
15510 -> 1 12602 12603 
15510 -> 1 
15510 -> 12602 12603 
15510 -> 4 12602 12603 
15510 -> 1 4 12602 12603 
1 2 5073 -> 0 
1 2 4 5028 -> 0 
12603 14982 -> 4 
12603 14982 -> 1 
12603 14982 -> 1 12602 
12603 14982 -> 1 4 12602 
12603 14982 -> 12602 
12603 14982 -> 4 12602 
12603 14982 -> 1 4 
4 12603 17871 -> 1 
2 5073 -> 0 1 
2 5073 -> 0 
2 5073 -> 1 
4 13091 -> 1 
1 2 4 447 -> 0 
4 12603 15206 -> 1 
12602 12603 13959 -> 4 
12602 12603 13959 -> 1 4 
12602 12603 13959 -> 1 
1 2 4 11941 -> 0 
4 12602 12603 18849 -> 1 
4 2661 -> 0 1 2 
4 2661 -> 2 
4 2661 -> 0 2 
4 2661 -> 1 
4 2661 -> 1 2 
4 2661 -> 0 1 
4 2661 -> 0 
2 4 614 -> 0 
2 4 614 -> 0 1 
2 4 614 -> 1 
12602 12603 15521 -> 1 
12602 12603 15521 -> 4 
12602 12603 15521 -> 1 4 
1610 -> 1 
1610 -> 4 
1610 -> 1 4 
4 12602 13959 -> 1 
1 4 11941 -> 0 
4 12602 12603 14892 -> 1 
12602 12603 15510 -> 1 
12602 12603 15510 -> 4 
12602 12603 15510 -> 1 4 
1 2 4 614 -> 0 
4 15281 -> 1 
1 12602 ->  12603
4 12602 12603 15510 -> 1 
6098 -> 0 4 
6098 -> 1 
6098 -> 1 2 4 
6098 -> 2 
6098 -> 2 4 
6098 -> 0 1 4 
6098 -> 1 2 
6098 -> 0 1 
6098 -> 4 
6098 -> 0 1 2 4 
6098 -> 0 2 
6098 -> 0 
6098 -> 0 2 4 
6098 -> 0 1 2 
6098 -> 1 4 
4 11941 -> 2 
4 11941 -> 0 1 2 
4 11941 -> 0 
4 11941 -> 0 1 
4 11941 -> 0 2 
4 11941 -> 1 2 
4 11941 -> 1 
4 12603 18125 -> 1 
1 2 4 2185 -> 0 
1 2 4 2184 -> 0 
1 2 4 2187 -> 0 
1 2 4 2186 -> 0 
1 2 4 2181 -> 0 
1 2 4 2183 -> 0 
4 12602 12603 -> 1 
1 2 4 2182 -> 0 
4 5327 -> 2 
4 5327 -> 0 2 
4 5327 -> 1 2 
4 5327 -> 0 1 2 
4 5327 -> 0 1 
4 5327 -> 1 
4 5327 -> 0 
1 2 4 2188 -> 0 
4 12602 12603 15521 -> 1 
8286 -> 0 4 
8286 -> 1 2 4 
8286 -> 2 
8286 -> 2 4 
8286 -> 1 2 
8286 -> 0 1 4 
8286 -> 1 
8286 -> 0 1 
8286 -> 0 1 2 4 
8286 -> 4 
8286 -> 0 2 4 
8286 -> 0 
8286 -> 0 2 
8286 -> 0 1 2 
8286 -> 1 4 
2 4 5028 -> 0 
2 4 5028 -> 1 
2 4 5028 -> 0 1 
8049 -> 0 4 
8049 -> 1 2 4 
8049 -> 2 
8049 -> 2 4 
8049 -> 0 1 4 
8049 -> 1 2 
8049 -> 1 
8049 -> 0 1 
8049 -> 0 1 2 4 
8049 -> 4 
8049 -> 0 2 4 
8049 -> 0 
8049 -> 0 2 
8049 -> 0 1 2 
8049 -> 1 4 
1 2 4 2178 -> 0 
1 2 4 2177 -> 0 
1 2 4 2179 -> 0 
2 2187 -> 0 1 
2 2187 -> 1 
2 2187 -> 0 
2 2188 -> 0 1 
2 2188 -> 1 
2 2188 -> 0 
4 12603 18109 -> 1 
2 2183 -> 0 1 
2 2183 -> 1 
2 2183 -> 0 
2 2184 -> 0 1 
2 2184 -> 1 
2 2184 -> 0 
14494 -> 1 4 
14494 -> 12603 
14494 -> 4 12602 
14494 -> 1 
14494 -> 4 
14494 -> 1 12602 12603 
14494 -> 4 12603 
14494 -> 1 12602 
14494 -> 1 4 12603 
14494 -> 12602 
14494 -> 1 4 12602 
14494 -> 1 12603 
14494 -> 12602 12603 
14494 -> 4 12602 12603 
14494 -> 1 4 12602 12603 
2 2185 -> 0 1 
2 2185 -> 1 
2 2185 -> 0 
2 2186 -> 0 1 
2 2186 -> 1 
2 2186 -> 0 
2 247 -> 0 
2 247 -> 1 
2 247 -> 0 1 
2 4 5073 -> 0 
2 4 5073 -> 0 1 
2 4 5073 -> 1 
2 2181 -> 0 1 
2 2181 -> 1 
2 2181 -> 0 
2 2182 -> 0 1 
2 2182 -> 1 
2 2182 -> 0 
12602 15206 -> 4 
12602 15206 -> 1 
12602 15206 -> 1 4 
1 4 2757 -> 0 
2 2177 -> 0 1 
2 2177 -> 1 
2 2177 -> 0 
2 2178 -> 0 1 
2 2178 -> 1 
2 2178 -> 0 
2 2179 -> 0 1 
2 2179 -> 1 
2 2179 -> 0 
1 4 614 -> 0 
12602 13015 -> 4 
12602 13015 -> 1 4 
12602 13015 -> 1 
4 18109 -> 1 
1 5959 -> 0 
4 12602 18125 -> 1 
2757 -> 1 2 4 
2757 -> 2 
2757 -> 4 
2757 -> 2 4 
2757 -> 0 1 4 
2757 -> 1 
2757 -> 0 4 
2757 -> 1 2 
2757 -> 0 1 
2757 -> 0 1 2 4 
2757 -> 0 2 4 
2757 -> 0 
2757 -> 0 2 
2757 -> 1 4 
2757 -> 0 1 2 
1 1353 -> 0 
1 4 8049 -> 0 
12603 13015 -> 12602 
12603 13015 -> 4 
12603 13015 -> 1 12602 
12603 13015 -> 4 12602 
12603 13015 -> 1 4 12602 
12603 13015 -> 1 
12603 13015 -> 1 4 
1 2677 -> 0 
2 4 -> 0 
2 4 -> 1 
2 4 -> 0 1 
12602 12603 14892 -> 1 
12602 12603 14892 -> 4 
12602 12603 14892 -> 1 4 
1 4 8286 -> 0 
12602 17871 -> 4 
12602 17871 -> 1 
12602 17871 -> 1 4 
12603 15206 -> 12602 
12603 15206 -> 4 12602 
12603 15206 -> 1 4 12602 
12603 15206 -> 1 12602 
12603 15206 -> 4 
12603 15206 -> 1 
12603 15206 -> 1 4 
4 12602 18109 -> 1 
4 18125 -> 1 
1 4 6098 -> 0 
4958 -> 2 
4958 -> 1 2 4 
4958 -> 4 
4958 -> 0 1 4 
4958 -> 1 
4958 -> 0 4 
4958 -> 1 2 
4958 -> 0 1 
4958 -> 0 1 2 4 
4958 -> 2 4 
4958 -> 0 
4958 -> 1 4 
4958 -> 0 2 4 
4958 -> 0 2 
4958 -> 0 1 2 
1 2 2661 -> 0 
1 2661 -> 0 
18849 -> 12603 
18849 -> 1 4 
18849 -> 4 12602 
18849 -> 1 
18849 -> 4 
18849 -> 1 12602 12603 
18849 -> 4 12603 
18849 -> 1 12602 
18849 -> 1 4 12602 
18849 -> 1 12603 
18849 -> 1 4 12603 
18849 -> 12602 
18849 -> 12602 12603 
18849 -> 1 4 12602 12603 
18849 -> 4 12602 12603 
